N = 3;

X = [-5 -4 -3 -2 -1 0 1 2 3 4 5];
Y = [-5.4606 -3.8804 -1.9699 -1.6666 -0.0764 -0.3971 -1.0303 -4.5483 -11.5280 -21.6417 -34.4458];

%least_squares_app(X, Y, N);

